$ANSIBLE_VAULT;1.1;AES256
65393038653531313430653362356264336535636539383166376635636534323263613764643664
3933616535333363383562333262303063356338636238380a323332363632313730656531663737
66643137646165323135313965386461393165633132346263316664396266336135613164316234
6638323432323265320a373261316235636533623364323936333466643330383835333131343337
33616138636330393266623230323035363531353363306561333832643531343435326538313564
63313864393136376232663533386435623333643737623137366533323962666164653435323465
36373035623263323339363363613062373330383237396465346339376339653939623464666566
33373562386439353139303762616662376536373235356164613930623665633139633036383034
35353666326665303732333637366335333964386333383437373633653164393762333166336230
32376333316437326266353664306232386137653762663330656439616431613566353333313038
34313934653830666134656166323535336138383364373234333365656237383162313765396162
36303866663930313035333632363062353937643438383263343635333837333865643332303765
32386134336336313134646238656139393537366536616632616333636563366331376131636335
37613633353364623636666239316134323566313463356562623436636266646364326539636433
65613766613463613638366262323761333638346233376439336230663265333738663261666364
30393463613935343862316461633239306162393038303563656431633265633435353330353532
37366631666530396264666562373263636333643437313363373237646462343834326265636638
33653130383231303339356631613363623465613133373363643966333636613838633033613161
39363332376664653031313463353630336366353930633238626666663464646432363465656137
38353465353138653763613236323261393165323264323438373561633466656231363137336665
30363662366537666361366361613938313538316439323165333162316333326435663361333638
33323264313062363663663764633965333434353662333965626136323139333134326664613632
61666139353566623337386264366361386164303835333130353262313966303962313034646130
34633238353030333630376239363431366464643664613231623333663636303833333434303231
65313365633437653063656566356364333864313631336332376666386566376465396534643964
39363030396266353135323466353538373464323936643466383439326632663963366532363663
31663932303466393562323564666438653739653139396662373061633932376164646431346530
38333030316365393865373964353666313733666464616134323431663435336330306532623333
61643934626463376661636430363132313835386135303730303632326235343133393361616139
36396439346635666666666366303635313763306633363262633065323839646262643832396537
61633339373165313162353837316162656231633431373866636165303738336134353266343335
63393462393731343965303138363134333238643936373763646163656463323661373465323266
64353264363136656433313033666232373234613861623230613737336462313962333338383162
37326435666433623839366162383132383037373036373363343666393431363334663239313730
38663934666339393933663931393165356436303037396435336466653636336466383631383261
34623139656534383630633664373065613962323732366363353730633766623764653937323831
39626665376633343234623437383137653433633632613237333064333063363635363362333338
35613339626636333664373261323332316435306633353861626366376665633861326332386538
376462333637333263323866666233323637
